22.100000
22.600000
26.700000
27.500000
33.200000
34.900000
28.500000
28.600000
29.800000
29.700000
29.700000
23.777778
26.900000
22.200000
21.600000
20.100000
20.400000
17.700000
26.000000
26.400000
26.900000
28.500000
37.500000
32.700000
30.800000
30.100000
29.300000
29.600000
28.500000
26.300000
25.700000
24.800000
23.888889
23.300000
19.400000
18.300000
22.700000
30.700000
29.300000
31.700000
37.888889
34.300000
29.800000
27.000000
30.900000
34.700000
36.222222
27.800000
26.100000
25.300000
21.000000
23.900000
21.900000
19.200000
